list(J=1.60000E+01, N=1.71000E+02, Y=c(4.70004E-01, 4.05465E-01, 5.30628E-01, -3.14711E-01, -5.79818E-01, -6.73345E-01, -7.33969E-01, -5.12933E-02, 3.36472E-01, -6.93147E-01, -2.23144E-01, -1.07881E+00, -6.16186E-01, -3.71064E-01, -1.05361E-01, -7.33969E-01, -5.62119E-01, -8.91598E-01, -4.94296E-01, -9.67584E-01, -4.94296E-01, 4.05465E-01, -3.28504E-01, 5.87787E-01, 4.70004E-01, -2.02027E-02, -1.27833E-01, 4.05465E-01, -3.14711E-01, 1.82322E-01, 9.53102E-02, 4.70004E-01, -1.39262E-01, -1.05361E-01, -9.43107E-02, -4.94296E-01, -1.62519E-01, -1.00503E-02, 4.05465E-01, -3.56675E-01, 7.41937E-01, 4.05465E-01, 4.05465E-01, -9.43107E-02, 5.87787E-01, 9.53102E-02, 2.62364E-01, 1.82322E-01, 4.70004E-01, 1.82322E-01, 1.82322E-01, 1.82322E-01, -1.27297E+00, -6.73345E-01, -1.30933E+00, -1.04982E+00, -5.62119E-01, -4.15515E-01, -7.13350E-01, -6.73345E-01, -3.14711E-01, -6.18754E-02, 3.36472E-01, 9.93252E-01, 5.87787E-01, 1.13140E+00, -6.93147E-01, 1.82322E-01, -5.97837E-01, 1.25276E+00, 9.93252E-01, 3.36472E-01, -3.14711E-01, -6.73345E-01, -1.46968E+00, 4.70004E-01, -7.33969E-01, -5.44727E-01, -5.44727E-01, -6.93147E-01, -5.44727E-01, 3.36472E-01, -8.20981E-01, -5.97837E-01, -1.74353E-01, -4.30783E-01, -2.74437E-01, -4.30783E-01, -6.93147E-01, 9.53102E-02, 0.00000E+00, 1.82322E-01, -6.34878E-01, -3.01105E-01, -8.91598E-01, -2.48461E-01, 2.62364E-01, 5.87787E-01, 3.36472E-01, -2.87682E-01, -5.62119E-01, -3.71064E-01, 5.87787E-01, -7.25707E-02, 1.22378E+00, 8.75469E-01, -1.27833E-01, 4.05465E-01, 5.87787E-01, 4.05465E-01, 7.41937E-01, -9.43107E-02, -4.94296E-01, -2.74437E-01, -1.50823E-01, 7.88457E-01, 1.06471E+00, -1.16534E-01, -6.93147E-01, 7.88457E-01, 8.75469E-01, -3.71064E-01, 9.93252E-01, -1.05361E-01, 6.41854E-01, -4.30783E-01, 1.82322E-01, -1.86330E-01, 2.62364E-01, 2.62364E-01, -1.27297E+00, -1.56065E+00, -1.96611E+00, -9.41609E-01, -9.41609E-01, -1.05361E-01, -4.46287E-01, 3.36472E-01, -5.44727E-01, -8.67501E-01, -2.20727E+00, -1.27297E+00, -5.27633E-01, 9.53102E-02, 4.70004E-01, 2.62364E-01, -1.27833E-01, 5.87787E-01, 5.87787E-01, 1.82322E-01, 1.06471E+00, 1.22378E+00, 6.41854E-01, 8.75469E-01, 5.87787E-01, 8.75469E-01, 3.36472E-01, 4.70004E-01, 5.30628E-01, 2.62364E-01, -7.25707E-02, 1.28093E+00, 1.25276E+00, 8.75469E-01, 1.06471E+00, 8.32909E-01, 3.36472E-01, 7.41937E-01, 5.30628E-01, 3.36472E-01, -8.33816E-02), X=c(3.85015E+00, 3.88568E+00, 4.01998E+00, 3.81110E+00, 3.79997E+00, 3.77963E+00, 3.65066E+00, 3.82428E+00, 3.78419E+00, 3.69883E+00, 3.86493E+00, 3.80888E+00, 3.77276E+00, 3.85862E+00, 3.71357E+00, 3.51750E+00, 3.51155E+00, 3.47197E+00, 3.46574E+00, 3.38439E+00, 3.55249E+00, 3.85227E+00, 3.78872E+00, 3.71357E+00, 3.72810E+00, 3.66356E+00, 3.63759E+00, 3.58629E+00, 3.50856E+00, 3.49043E+00, 3.44681E+00, 3.51453E+00, 3.38439E+00, 3.41773E+00, 3.29584E+00, 3.40120E+00, 3.40120E+00, 3.51155E+00, 3.43399E+00, 3.36730E+00, 4.17439E+00, 4.06044E+00, 3.58352E+00, 3.58352E+00, 3.78419E+00, 3.70130E+00, 3.65066E+00, 3.68888E+00, 3.79549E+00, 3.92197E+00, 3.91202E+00, 3.85015E+00, 3.25810E+00, 3.40120E+00, 3.40120E+00, 3.36730E+00, 3.43399E+00, 3.71357E+00, 3.59731E+00, 3.63759E+00, 3.78419E+00, 3.31419E+00, 3.66356E+00, 3.87120E+00, 3.94158E+00, 4.02535E+00, 3.41773E+00, 3.73767E+00, 3.52636E+00, 3.92197E+00, 3.79549E+00, 3.40120E+00, 3.55535E+00, 3.41444E+00, 3.22684E+00, 3.58352E+00, 3.39786E+00, 3.54674E+00, 3.54674E+00, 3.45632E+00, 3.54096E+00, 3.69138E+00, 3.42426E+00, 3.49651E+00, 3.70130E+00, 3.46574E+00, 3.61092E+00, 3.56953E+00, 3.40120E+00, 3.68888E+00, 3.55535E+00, 3.67630E+00, 3.43399E+00, 3.44999E+00, 3.40120E+00, 3.49651E+00, 3.85015E+00, 3.98898E+00, 4.05352E+00, 3.83298E+00, 3.54962E+00, 3.54096E+00, 3.65066E+00, 3.68888E+00, 3.83730E+00, 3.73529E+00, 3.83298E+00, 3.85651E+00, 3.85227E+00, 3.66356E+00, 4.03424E+00, 3.83081E+00, 3.34990E+00, 3.23868E+00, 3.69387E+00, 3.79549E+00, 3.59731E+00, 3.50556E+00, 3.34286E+00, 3.82864E+00, 3.60278E+00, 3.66356E+00, 3.97029E+00, 3.76120E+00, 3.85439E+00, 3.59731E+00, 3.76584E+00, 3.72569E+00, 3.58352E+00, 3.58906E+00, 3.30689E+00, 3.28466E+00, 3.31419E+00, 3.66356E+00, 3.52342E+00, 3.38777E+00, 3.83945E+00, 4.05178E+00, 3.89182E+00, 3.55249E+00, 3.36730E+00, 3.44999E+00, 3.64284E+00, 3.35341E+00, 3.60550E+00, 3.77046E+00, 3.87328E+00, 3.92790E+00, 3.84588E+00, 3.69387E+00, 4.07244E+00, 4.02714E+00, 3.87120E+00, 3.79997E+00, 3.77506E+00, 3.62700E+00, 3.68888E+00, 3.62167E+00, 3.83945E+00, 3.58352E+00, 3.91999E+00, 4.08092E+00, 4.06732E+00, 3.98898E+00, 3.98341E+00, 3.90197E+00, 3.86073E+00, 3.99268E+00, 3.81551E+00, 3.73050E+00, 3.58352E+00), station=c(1.00000E+00, 1.00000E+00, 1.00000E+00, 1.00000E+00, 1.00000E+00, 1.00000E+00, 1.00000E+00, 1.00000E+00, 1.00000E+00, 1.00000E+00, 2.00000E+00, 2.00000E+00, 2.00000E+00, 2.00000E+00, 2.00000E+00, 2.00000E+00, 2.00000E+00, 2.00000E+00, 2.00000E+00, 2.00000E+00, 2.00000E+00, 2.00000E+00, 2.00000E+00, 2.00000E+00, 2.00000E+00, 2.00000E+00, 2.00000E+00, 2.00000E+00, 2.00000E+00, 3.00000E+00, 3.00000E+00, 3.00000E+00, 3.00000E+00, 3.00000E+00, 3.00000E+00, 3.00000E+00, 3.00000E+00, 3.00000E+00, 3.00000E+00, 3.00000E+00, 3.00000E+00, 3.00000E+00, 4.00000E+00, 4.00000E+00, 4.00000E+00, 4.00000E+00, 4.00000E+00, 4.00000E+00, 4.00000E+00, 4.00000E+00, 4.00000E+00, 4.00000E+00, 5.00000E+00, 5.00000E+00, 5.00000E+00, 5.00000E+00, 5.00000E+00, 5.00000E+00, 5.00000E+00, 5.00000E+00, 5.00000E+00, 5.00000E+00, 5.00000E+00, 5.00000E+00, 5.00000E+00, 5.00000E+00, 6.00000E+00, 6.00000E+00, 6.00000E+00, 7.00000E+00, 7.00000E+00, 7.00000E+00, 7.00000E+00, 8.00000E+00, 8.00000E+00, 8.00000E+00, 8.00000E+00, 8.00000E+00, 8.00000E+00, 8.00000E+00, 8.00000E+00, 8.00000E+00, 8.00000E+00, 9.00000E+00, 9.00000E+00, 9.00000E+00, 9.00000E+00, 9.00000E+00, 9.00000E+00, 9.00000E+00, 9.00000E+00, 9.00000E+00, 9.00000E+00, 9.00000E+00, 9.00000E+00, 9.00000E+00, 9.00000E+00, 1.00000E+01, 1.00000E+01, 1.00000E+01, 1.10000E+01, 1.10000E+01, 1.10000E+01, 1.10000E+01, 1.10000E+01, 1.10000E+01, 1.10000E+01, 1.10000E+01, 1.10000E+01, 1.10000E+01, 1.10000E+01, 1.10000E+01, 1.10000E+01, 1.10000E+01, 1.10000E+01, 1.10000E+01, 1.10000E+01, 1.10000E+01, 1.10000E+01, 1.10000E+01, 1.10000E+01, 1.20000E+01, 1.20000E+01, 1.20000E+01, 1.20000E+01, 1.20000E+01, 1.20000E+01, 1.20000E+01, 1.20000E+01, 1.20000E+01, 1.30000E+01, 1.30000E+01, 1.30000E+01, 1.30000E+01, 1.30000E+01, 1.30000E+01, 1.30000E+01, 1.30000E+01, 1.30000E+01, 1.30000E+01, 1.30000E+01, 1.30000E+01, 1.30000E+01, 1.40000E+01, 1.40000E+01, 1.40000E+01, 1.40000E+01, 1.50000E+01, 1.50000E+01, 1.50000E+01, 1.50000E+01, 1.50000E+01, 1.50000E+01, 1.50000E+01, 1.50000E+01, 1.50000E+01, 1.50000E+01, 1.50000E+01, 1.50000E+01, 1.50000E+01, 1.60000E+01, 1.60000E+01, 1.60000E+01, 1.60000E+01, 1.60000E+01, 1.60000E+01, 1.60000E+01, 1.60000E+01, 1.60000E+01, 1.60000E+01, 1.60000E+01))
