list(beta=c(1.87724E+00, 1.87731E+00, 1.87727E+00, 1.87729E+00, 1.87733E+00, 1.87734E+00, 1.87730E+00, 1.87732E+00, 1.87733E+00, 1.87732E+00, 1.87732E+00, 1.87726E+00, 1.87727E+00, 1.87732E+00, 1.87732E+00, 1.87730E+00), alpha=c(-6.71119E+00, -6.66638E+00, -6.68532E+00, -7.10467E+00, -6.90391E+00, -7.29692E+00, -6.92622E+00, -7.08147E+00, -7.17132E+00, -6.96323E+00, -6.68673E+00, -6.90932E+00, -7.20598E+00, -7.21206E+00, -7.42044E+00, -6.74799E+00), phi=6.43154E+00, alpha.sigma=3.11055E-01, beta.sigma=3.41000E-05, alpha.mu=-6.90250E+00, beta.mu=1.87730E+00)
