list(beta=c(1.87734E+00, 1.87728E+00, 1.87731E+00, 1.87727E+00, 1.87728E+00, 1.87730E+00, 1.87731E+00, 1.87731E+00, 1.87732E+00, 1.87734E+00, 1.87734E+00, 1.87732E+00, 1.87728E+00, 1.87732E+00, 1.87726E+00, 1.87730E+00), alpha=c(-6.49293E+00, -6.88288E+00, -6.71958E+00, -6.43881E+00, -6.82613E+00, -7.07166E+00, -6.43579E+00, -6.96830E+00, -6.34596E+00, -6.97392E+00, -6.28336E+00, -7.31740E+00, -6.42114E+00, -6.34909E+00, -6.78095E+00, -6.70027E+00), phi=6.43154E+00, alpha.sigma=3.11055E-01, beta.sigma=3.41000E-05, alpha.mu=-6.90250E+00, beta.mu=1.87730E+00)
